SplitterH.X=752.759705
SplitterH.Y=0.000000
SplitterH.Height=961.000000
ViewportType3=0
SplitterH.Width=20.000000
CameraSpeedScalar3=1.200000
SplitterV.X=0.000000
SplitterV.Width=1530.000000
CameraSpeedScalar2=1.000000
SplitterV.Y=461.760498
SplitterV.Height=20.000000
PerspectiveCameraRotX2=0.000000
ShowFlag1=31
CameraSpeedSetting0=1
CameraSpeedScalar0=1.000000
GridSize0=10.000000
PerspectiveCameraRotY2=0.000000
PerspectiveCameraLocX0=-1038.307983
PerspectiveCameraLocY0=833.439453
PerspectiveCameraLocZ0=837.525574
ShowFlag3=31
CameraSpeedSetting2=1
PerspectiveCameraRotX0=0.000000
PerspectiveCameraLocX2=0.000000
PerspectiveCameraRotY0=73.800003
PerspectiveCameraRotZ0=-53.799995
PerspectiveCameraRotX3=0.000000
CameraSpeedSetting1=1
ShowFlag0=31
bMutiView=0
ViewMode0=0
ViewportType0=0
CameraSpeedScalar1=1.000000
GridSize1=10.000000
PerspectiveCameraRotY3=61.900032
PerspectiveCameraLocX1=0.000000
ScreenHeight=3
PerspectiveCameraLocY1=0.000000
PerspectiveCameraLocZ1=0.000000
CameraSpeedSetting3=1
ShowFlag2=31
PerspectiveCameraRotX1=0.000000
PerspectiveCameraLocX3=75.465233
PerspectiveCameraRotY1=0.000000
PerspectiveCameraRotZ1=0.000000
ViewMode1=0
ViewportType1=3
GridSize2=10.000000
PerspectiveCameraLocY2=0.000000
PerspectiveCameraLocZ2=0.000000
PerspectiveCameraRotZ2=0.000000
ScreenWidth=3
ViewMode2=0
ViewportType2=3
GridSize3=10.000000
PerspectiveCameraLocY3=17.105391
PerspectiveCameraLocZ3=154.160004
PerspectiveCameraRotZ3=1275.798828
ViewMode3=0
OrthoZoomSize=10.000000
ActiveViewportIndex=3
OrthoPivotX=0.350005
OrthoPivotY=0.000000
OrthoPivotZ=11.849990
