SplitterH.X=700.605713
SplitterH.Y=0.000000
SplitterH.Height=1137.000000
ViewportType3=0
SplitterH.Width=20.000000
CameraSpeedScalar3=3.200000
SplitterV.X=0.000000
SplitterV.Width=1920.000000
CameraSpeedScalar2=0.221680
SplitterV.Y=679.512573
SplitterV.Height=20.000000
PerspectiveCameraRotX2=0.000000
ShowFlag1=31
CameraSpeedSetting0=1
CameraSpeedScalar0=0.198000
GridSize0=10.000000
PerspectiveCameraRotY2=37.601562
PerspectiveCameraLocX0=5.865654
PerspectiveCameraLocY0=-2.661539
PerspectiveCameraLocZ0=7.649205
ShowFlag3=31
CameraSpeedSetting2=1
PerspectiveCameraRotX0=0.000000
PerspectiveCameraLocX2=1.534136
PerspectiveCameraRotY0=49.899914
PerspectiveCameraRotZ0=155.593842
PerspectiveCameraRotX3=0.000000
CameraSpeedSetting1=1
ShowFlag0=31
bMutiView=0
ViewMode0=3
ViewportType0=0
CameraSpeedScalar1=1.000000
GridSize1=10.000000
PerspectiveCameraRotY3=36.200073
PerspectiveCameraLocX1=-10.000000
ScreenHeight=1137.000000
PerspectiveCameraLocY1=0.000000
PerspectiveCameraLocZ1=0.000000
CameraSpeedSetting3=1
ShowFlag2=30
PerspectiveCameraRotX1=0.000000
PerspectiveCameraLocX3=-3.588215
PerspectiveCameraRotY1=0.000000
PerspectiveCameraRotZ1=0.000000
ViewMode1=0
ViewportType1=3
GridSize2=10.000000
PerspectiveCameraLocY2=2.777626
PerspectiveCameraLocZ2=2.904215
PerspectiveCameraRotZ2=-1874.362305
ScreenWidth=1920.000000
ViewMode2=3
ViewportType2=0
GridSize3=10.000000
PerspectiveCameraLocY3=-7.227937
PerspectiveCameraLocZ3=5.906067
PerspectiveCameraRotZ3=1503.598511
ViewMode3=0
OrthoZoomSize=292.200012
ActiveViewportIndex=2
OrthoPivotX=83.032547
OrthoPivotY=-32.300129
OrthoPivotZ=15.300173
