SplitterH.X=944.639954
SplitterH.Y=0.000000
SplitterH.Height=1137.000000
ViewportType3=0
SplitterH.Width=20.000000
CameraSpeedScalar3=3.200000
SplitterV.X=0.000000
SplitterV.Width=1920.000000
CameraSpeedScalar2=0.128305
SplitterV.Y=574.328552
SplitterV.Height=20.000000
PerspectiveCameraRotX2=0.000000
ShowFlag1=31
CameraSpeedSetting0=1
CameraSpeedScalar0=0.198000
GridSize0=10.000000
PerspectiveCameraRotY2=51.899792
PerspectiveCameraLocX0=5.865654
PerspectiveCameraLocY0=-2.661539
PerspectiveCameraLocZ0=7.649205
ShowFlag3=31
CameraSpeedSetting2=1
PerspectiveCameraRotX0=0.000000
PerspectiveCameraLocX2=-0.975506
PerspectiveCameraRotY0=49.899914
PerspectiveCameraRotZ0=155.593842
PerspectiveCameraRotX3=0.000000
CameraSpeedSetting1=1
ShowFlag0=31
bMutiView=0
ViewMode0=3
ViewportType0=0
CameraSpeedScalar1=1.000000
GridSize1=10.000000
PerspectiveCameraRotY3=36.200073
PerspectiveCameraLocX1=-10.000000
ScreenHeight=1137.000000
PerspectiveCameraLocY1=0.000000
PerspectiveCameraLocZ1=0.000000
CameraSpeedSetting3=1
ShowFlag2=31
PerspectiveCameraRotX1=0.000000
PerspectiveCameraLocX3=-3.588215
PerspectiveCameraRotY1=0.000000
PerspectiveCameraRotZ1=0.000000
ViewMode1=0
ViewportType1=3
GridSize2=10.000000
PerspectiveCameraLocY2=9.355345
PerspectiveCameraLocZ2=13.166251
PerspectiveCameraRotZ2=-88.797890
ScreenWidth=1920.000000
ViewMode2=2
ViewportType2=0
GridSize3=10.000000
PerspectiveCameraLocY3=-7.227937
PerspectiveCameraLocZ3=5.906067
PerspectiveCameraRotZ3=1503.598511
ViewMode3=0
OrthoZoomSize=77.199997
ActiveViewportIndex=2
OrthoPivotX=-55.199921
OrthoPivotY=2.799999
OrthoPivotZ=27.050007
